15 15
1 1
11 11 11 11 11 11 11 11 11 11 11 11 11 11 11
11 10 10 10 10 10 10 10 10 10 10 10 10 10 11
11 10 10 10 10 10 10 10 10 10 10 10 10 10 11
11 10 10 10 10 10 10 10 10 10 10 10 10 10 11
11 10 10 10 10 10 10 10 10 10 10 10 10 10 11
11 10 10 10 10 10 10 10 10 10 10 10 10 10 11
11 10 10 10 10 10 10 10 10 10 10 10 10 10 11
11 10 10 10 10 10 10 10 10 10 10 10 10 10 11
11 10 10 10 10 10 10 10 10 10 10 10 10 10 11
11 10 10 10 10 10 10 10 10 10 10 10 10 10 11
11 10 10 10 10 10 10 10 10 10 10 10 10 10 11
11 10 10 10 10 10 10 10 10 10 10 10 10 10 11
11 10 10 10 10 10 10 10 10 10 10 10 10 10 11
11 10 10 10 10 10 10 10 10 10 10 10 10 10 11
11 11 11 11 11 11 11 11 11 11 11 11 11 11 11