20 20
1 1
50 50 50 50 50 50 50 50 50 50 50 50 50 50 50 50 50 50 50 50
50 11 11 10 10 10 10 10 10 10 10 10 10 10 10 10 10 10 10 50
50 11 11 10 10 10 10 10 10 10 10 10 10 10 10 10 10 10 10 50
50 11 11 10 10 10 10 10 10 10 10 10 10 10 10 10 10 10 10 50
50 11 11 10 10 10 10 10 10 10 10 10 10 10 10 10 10 10 10 50
50 11 11 10 10 10 10 10 10 10 10 10 10 10 10 10 10 10 10 50
50 11 11 10 10 10 10 10 10 10 10 10 10 10 10 10 10 10 10 50
50 11 11 10 10 10 10 10 10 10 10 10 10 10 10 10 10 10 10 50
50 11 11 10 10 10 10 10 10 10 10 10 10 10 10 10 10 10 10 50
50 11 11 10 10 10 10 10 10 10 10 10 10 10 10 10 10 10 10 50
50 11 11 10 10 10 10 10 10 10 10 10 10 10 10 10 10 10 10 50
50 11 11 10 10 10 10 10 10 10 10 10 10 10 10 10 10 10 10 50
50 11 11 10 10 10 10 10 10 10 10 10 10 10 10 10 10 10 10 50
50 11 11 10 10 10 10 10 10 10 10 10 10 10 10 10 10 10 10 50
50 11 11 10 10 10 10 10 10 10 10 10 10 10 10 10 10 10 10 50
50 11 11 10 10 10 10 10 10 10 10 10 10 10 10 10 10 10 10 50
50 11 11 10 10 10 10 10 10 10 10 10 10 10 10 10 10 10 10 50
50 11 11 10 10 10 10 10 10 10 10 10 10 10 10 10 10 10 10 50
50 11 11 10 10 10 10 10 10 10 10 10 10 10 10 10 10 10 10 50
50 50 50 50 50 50 50 50 50 50 50 50 50 50 50 50 50 50 50 50